Point1:51.44785,7.27073
Point2:51.44755,7.27099
Point3:51.4473,7.2712
Point4:51.44725,7.27105
Point5:51.44713,7.27116
Point6:51.44717,7.27131
Point7:51.44696,7.27148
Point8:51.44676,7.27166
Point9:51.44651,7.27188
Point10:51.44629,7.27206
Point11:51.44616,7.27221
Point12:51.44584,7.27275
Point13:51.44624,7.27281
Point14:51.44629,7.27294
Point15:51.44659,7.27272
Point16:51.44687,7.27247
Point17:51.44718,7.2722
Point18:51.44727,7.27253
Point19:51.44759,7.27224
Point20:51.44789,7.27198
